0000000000000000000000000000000000000000000000000000000000000000000000000000000
0001111111111111100011111111111111000011111111100000001111111111111000000000000
0001111111111111100011111111111111000011111111100000001111111111111000000000000
0001100000000011100011000000000011000011100011100000001110000000011000000000000
0000000000000011100011000000000011000011100011100000001110000000000000000000000
0000000000000011100011000000000011000000000011100000001110000000000000000000000
0001111111111111100011000000000011000000000011100000001111111111111000000000000
0001111111111111100011000000000011000000000011100000001111111111111000000000000
0001110000000000000011000000000011000000000011100000000000000000111000000000000
0001110000000000000011000000000011000000000011100000000000000000111000000000000
0001110000000000000011000000000011000000000011100000000000000000111000000000000
0001110000000111100011000000000011000000000011100000000000000000111000000000000
0001110000000001100011000000000011000000000011100000001100000000111000000000000
0001111111111111100011111111111111000000011111111100001111111111111000000000000
0001111111111111100011111111111111000000011111111100001111111111111000000000000
0000000000000000000000000000000000000000000000000000000000000000000000000000000
0000000000000000000000000000000000000000000000000000000000000000000000000000000
0000000000000000000000000000000000000000000000000000000000000000000000000000000
0000000000000000000000000000000000000000000000000000000000000000000000000000000