0000000000000000000000000000000000000000000000000000000000000000000000000000000
0000000000000000000000000000000000000000000000000000000000000000000000000000000
0000000000000000000000000000000000000000000000000000000000000000000000000000000
0000000000000000000000000000000000000000000000000000000000000000000000000000000
0111111111100111111111001100000001111111110011111100001111001100011000000000000
0110011001100111111111001100000001111111110011000011001111001100110000000000000
0110011001100110000000001100000001100000000011000011000110001101100000000000000
0110011001100111111111001100000001111111110011000011000110001111000000000000000
0000011000000111111111001100000001111111110011111110000110001111000000000000000
0000011000000110000000001100000001100000000011110000000110001101100000000000000
0000011000000111111111001100000001111111110011001100001111001100110000000000000
0000011000000111111111001111111001111111110011000011001111001100011000000000000
0000000000000000000000000000000000000000000000000000000000000000000000000000000
0000000000000000000000000000000000000000000000000000000000000000000000000000000
0000000000000000000000000000000000000000000000000000000000000000000000000000000
0000000000000000000000000000000000000000000000000000000000000000000000000000000
0000000000000000000000000000000000000000000000000000000000000000000000000000000
0000000000000000000000000000000000000000000000000000000000000000000000000000000
0000000000000000000000000000000000000000000000000000000000000000000000000000000