0000000000000000000000000000000000000000000000000000000000000000000000000000000
0000000000000000011111101111110000001000001110000111000000000000000000000000000
0000000000000000010110101100000000011100001111001111000000000000000000000000000
0000000000000000000110001111110000110110001101111011000000000000000000000000000
0000000000000000000110001100000001111111001100100011000000000000000000000000000
0000000000000000000110001111110011000001101100000011000000000000000000000000000
0000000000000000000000000000000000000000000000000000000000000000000000000000000
0000000000000000000000000000000000000000000000000000000000000000000000000000000
0000000000011111110000000000001000000000001111111100011110000000011000000000000
0000000000011000011000000000011100000000001111111100011011000000011000000000000
0000000000011000001100000000110110000000000001100000011001100000011000000000000
0000000000011000001100000001100011000000000001100000011000110000011000000000000
0000000000011000011000000011000001100000000001100000011000011000011000000000000
0000000000011111110000000110000000110000000001100000011000001100011000000000000
0000000000011011000000001111111111111000000001100000011000000110011000000000000
0000000000011001100000011000000000001100001111111100011000000011011000000000000
0000000000011000111000110000000000000110001111111100011000000001111000000000000
0000000000000000000000000000000000000000000000000000000000000000000000000000000
0000000000000000000000000000000000000000000000000000000000000000000000000000000